tree
version=v4
num_class=1
num_tree_per_iteration=1
label_index=0
max_feature_idx=152
objective=quantile
feature_names=proton_speed_max_8h_chunk0 proton_density_max_8h_chunk0 proton_temperature_max_8h_chunk0 bt_max_8h_chunk0 by_gsm_max_8h_chunk0 bz_gsm_max_8h_chunk0 bs_max_8h_chunk0 dynamic_pressure_npa_max_8h_chunk0 ey_southward_mvm_max_8h_chunk0 kan_lee_mvm_max_8h_chunk0 newell_coupling_max_8h_chunk0 akasofu_epsilon_gw_max_8h_chunk0 ring_current_proxy_tau3h_max_8h_chunk0 ring_current_proxy_tau8h_max_8h_chunk0 ring_current_proxy_obrien_max_8h_chunk0 proton_speed_min_8h_chunk0 proton_density_min_8h_chunk0 proton_temperature_min_8h_chunk0 bt_min_8h_chunk0 by_gsm_min_8h_chunk0 bz_gsm_min_8h_chunk0 bs_min_8h_chunk0 dynamic_pressure_npa_min_8h_chunk0 ey_southward_mvm_min_8h_chunk0 kan_lee_mvm_min_8h_chunk0 newell_coupling_min_8h_chunk0 akasofu_epsilon_gw_min_8h_chunk0 ring_current_proxy_tau3h_min_8h_chunk0 ring_current_proxy_tau8h_min_8h_chunk0 ring_current_proxy_obrien_min_8h_chunk0 proton_speed_relax_8h_chunk0 proton_density_relax_8h_chunk0 proton_temperature_relax_8h_chunk0 bt_relax_8h_chunk0 by_gsm_relax_8h_chunk0 bz_gsm_relax_8h_chunk0 bs_relax_8h_chunk0 dynamic_pressure_npa_relax_8h_chunk0 ey_southward_mvm_relax_8h_chunk0 kan_lee_mvm_relax_8h_chunk0 newell_coupling_relax_8h_chunk0 akasofu_epsilon_gw_relax_8h_chunk0 ring_current_proxy_tau3h_relax_8h_chunk0 ring_current_proxy_tau8h_relax_8h_chunk0 ring_current_proxy_obrien_relax_8h_chunk0 proton_speed_max_8h_chunk1 proton_density_max_8h_chunk1 proton_temperature_max_8h_chunk1 bt_max_8h_chunk1 by_gsm_max_8h_chunk1 bz_gsm_max_8h_chunk1 bs_max_8h_chunk1 dynamic_pressure_npa_max_8h_chunk1 ey_southward_mvm_max_8h_chunk1 kan_lee_mvm_max_8h_chunk1 newell_coupling_max_8h_chunk1 akasofu_epsilon_gw_max_8h_chunk1 ring_current_proxy_tau3h_max_8h_chunk1 ring_current_proxy_tau8h_max_8h_chunk1 ring_current_proxy_obrien_max_8h_chunk1 proton_speed_min_8h_chunk1 proton_density_min_8h_chunk1 proton_temperature_min_8h_chunk1 bt_min_8h_chunk1 by_gsm_min_8h_chunk1 bz_gsm_min_8h_chunk1 bs_min_8h_chunk1 dynamic_pressure_npa_min_8h_chunk1 ey_southward_mvm_min_8h_chunk1 kan_lee_mvm_min_8h_chunk1 newell_coupling_min_8h_chunk1 akasofu_epsilon_gw_min_8h_chunk1 ring_current_proxy_tau3h_min_8h_chunk1 ring_current_proxy_tau8h_min_8h_chunk1 ring_current_proxy_obrien_min_8h_chunk1 proton_speed_relax_8h_chunk1 proton_density_relax_8h_chunk1 proton_temperature_relax_8h_chunk1 bt_relax_8h_chunk1 by_gsm_relax_8h_chunk1 bz_gsm_relax_8h_chunk1 bs_relax_8h_chunk1 dynamic_pressure_npa_relax_8h_chunk1 ey_southward_mvm_relax_8h_chunk1 kan_lee_mvm_relax_8h_chunk1 newell_coupling_relax_8h_chunk1 akasofu_epsilon_gw_relax_8h_chunk1 ring_current_proxy_tau3h_relax_8h_chunk1 ring_current_proxy_tau8h_relax_8h_chunk1 ring_current_proxy_obrien_relax_8h_chunk1 proton_speed_now proton_density_now proton_temperature_now bt_now by_gsm_now bz_gsm_now bs_now dynamic_pressure_npa_now ey_southward_mvm_now kan_lee_mvm_now newell_coupling_now akasofu_epsilon_gw_now ring_current_proxy_tau3h_now ring_current_proxy_tau8h_now ring_current_proxy_obrien_now proton_speed_shock1h_max_16h proton_density_shock1h_max_16h proton_temperature_shock1h_max_16h bt_shock1h_max_16h by_gsm_shock1h_max_16h bz_gsm_shock1h_max_16h bs_shock1h_max_16h dynamic_pressure_npa_shock1h_max_16h ey_southward_mvm_shock1h_max_16h kan_lee_mvm_shock1h_max_16h newell_coupling_shock1h_max_16h akasofu_epsilon_gw_shock1h_max_16h ring_current_proxy_tau3h_shock1h_max_16h ring_current_proxy_tau8h_shock1h_max_16h ring_current_proxy_obrien_shock1h_max_16h proton_speed_shock1h_min_16h proton_density_shock1h_min_16h proton_temperature_shock1h_min_16h bt_shock1h_min_16h by_gsm_shock1h_min_16h bz_gsm_shock1h_min_16h bs_shock1h_min_16h dynamic_pressure_npa_shock1h_min_16h ey_southward_mvm_shock1h_min_16h kan_lee_mvm_shock1h_min_16h newell_coupling_shock1h_min_16h akasofu_epsilon_gw_shock1h_min_16h ring_current_proxy_tau3h_shock1h_min_16h ring_current_proxy_tau8h_shock1h_min_16h ring_current_proxy_obrien_shock1h_min_16h proton_speed_trend_2h proton_density_trend_2h proton_temperature_trend_2h bt_trend_2h by_gsm_trend_2h bz_gsm_trend_2h bs_trend_2h dynamic_pressure_npa_trend_2h ey_southward_mvm_trend_2h kan_lee_mvm_trend_2h newell_coupling_trend_2h akasofu_epsilon_gw_trend_2h ring_current_proxy_tau3h_trend_2h ring_current_proxy_tau8h_trend_2h ring_current_proxy_obrien_trend_2h forecast_horizon_h forecast_horizon_frac forecast_horizon_sq
feature_infos=[297.39999999999998:826.20000000000005] [1.8999999999999999:99.709999999999994] [9188:1947329] [2.3799999999999999:74.480000000000004] [-21.530000000000001:73.450000000000003] [-12.43:67.909999999999997] [0.01:50.93] [0.4511347:81.741646000000003] [0.0038879997999999999:37.790061999999999] [0.12525654999999999:45.901446999999997] [962.33465999999999:96094.529999999999] [0.89129214999999995:56475.489999999998] [0.00061551505261779995:239.37448299259597] [0.078916085020000803:460.73298371083217] [0.60131043072482171:294.41734079802666] [252.90000000000001:664.39999999999998] [1:27.190000000000001] [2000:613292] [0.22:30.699999999999999] [-73.109999999999999:16.43] [-50.93:-0.01] [0:12.43] [0.115536496:11.049529] [0:5.4269385000000003] [0:9.5903880000000008] [0:22442.669999999998] [0:3689.5810000000001] [1.7560617937314376e-05:155.24943199140739] [0.026394270966087999:384.18084080701698] [0.38714427341836338:262.9377053248628] [0:1] [0:1] [0:1] [0:1] [0:1] [0:1] [0:1] [0:1] [0:1] [0:1] [0:1] [0:1] [0:1] [0:1] [0:1] [297.30000000000001:826.20000000000005] [1.3799999999999999:99.709999999999994] [9188:1947329] [2.3799999999999999:74.480000000000004] [-21.530000000000001:73.450000000000003] [-18.670000000000002:67.909999999999997] [0.01:50.93] [0.29858869999999998:81.741646000000003] [0.0038879997999999999:37.790061999999999] [0.12525654999999999:45.901446999999997] [962.33465999999999:96094.529999999999] [0.89129214999999995:56475.489999999998] [0.00042830880054200001:239.37448299259597] [0.078916085020000803:460.73298371083217] [0.60131043072482171:294.41734079802666] [252.90000000000001:664.39999999999998] [1:27.190000000000001] [2000:696204] [0.22:30.699999999999999] [-73.109999999999999:16.43] [-50.93:-0.01] [0:18.670000000000002] [0.115536496:11.049529] [0:8.6927520000000005] [0:9.5903880000000008] [0:25632.639999999999] [0:3689.5810000000001] [1.7560617937314376e-05:155.24943199140739] [0.026394270966087999:384.18084080701698] [0.38714427341836338:262.9377053248628] [0:1] [0:1] [0:1] [0:1] [0:1] [0:1] [0:1] [0:1] [0:1] [0:1] [0:1] [0:1] [0:1] [0:1] [0:1] [270.60000000000002:809.5] [1:95.75] [2000:1711993] [0.63:74.170000000000002] [-40.640000000000001:72.219999999999999] [-46.229999999999997:52.899999999999999] [0:46.229999999999997] [0.17535517:81.741646000000003] [0:33.045203999999998] [0:35.255780000000001] [0:85448.983999999997] [0:32760.851999999999] [4.3006371972961603e-05:237.12768211366995] [0.027861882382783899:452.78737231708533] [0.388938525123598:292.88373330963344] [8.7000000000000455:420.19999999999999] [0.89999999999999947:81.519999999999996] [6177:1827041] [0.15999999999999925:45.789999999999999] [1.3199999999999998:146.20999999999998] [1.24:107.23999999999999] [0.23000000000000001:48.18] [0.33939830000000004:61.592695500000005] [0.077971010000000007:36.178367999999999] [0.1633081357:32.719819086000001] [956.57458439999994:81244.128219999999] [1.5049678485115001:33849.929999999993] [-0.90028775104137226:82.330737758345393] [-7.4753056780390068:94.293193772748822] [-4.815410330863017:81.496988435387138] [-419:-8.7000000000000455] [-57.440000000000005:-0.97999999999999998] [-1839225:-5273] [-39.82:-0.20999999999999996] [-84.219999999999999:-1.1899999999999999] [-76.519999999999996:-1.0100000000000002] [-50.93:-0.01] [-53.197090000000003:-0.40707284999999999] [-37.790061999999999:-0.0038879997999999999] [-33.161550999999996:-0.15638670449999997] [-83154.38900000001:-1290.4765496] [-38930.175999999999:-1.5018645002000002] [-64.806898895026023:-0.00044809495934839999] [-54.474053360763833:1.1638769978213475] [-19.672793439712734:1.3123006000395492] [-379:386.89999999999998] [-65.829999999999998:72.25] [-1764865:1760669] [-29.769999999999996:47.43] [-98.830000000000013:85.329999999999998] [-54.07:43.400000000000006] [-34.299999999999997:44.719999999999999] [-51.939791:61.341069500000003] [-23.020004:32.269950000000001] [-19.550018999999999:32.262892165000004] [-48103.358:81434.729546000002] [-23531.108500000002:28783.755774950001] [-74.13547124217402:93.770074457229356] [-75.806039766849835:139.96692806045277] [-33.480428826160505:91.842143182355471] [1:8] [0.125:1] [0.015625:1]
tree_sizes=1518 1565 1549 1546 1564 1575 1559 1544 1560 1552 1567 1565 1547 1542 1561 1566 1557 1543 1552 1559 1568 1544 1552 1554 1554 1550 1554 1555 1569 1551 1546 1559 1573 1556 1569

Tree=0
num_leaves=15
num_cat=0
split_feature=6 19 43 13 19 125 134 63 133 16 43 62 61 72
split_gain=774.019 140.421 126.108 118.329 71.7429 52.5754 71.5279 81.4004 71.2783 51.4407 52.1071 45.2428 44.3984 44.074
threshold=11.650000000000002 -5.6149999999999993 0.2784656740290628 107.62868763777401 -13.054999999999998 -7.3299999999999992 -1.0403017882326677 4.4650000000000007 -1.3843337115196845 9.7850000000000019 0.98781164681438938 14527.500000000002 7.7650000000000006 0.93235189824658671
decision_type=2 2 2 2 2 2 2 2 2 2 2 2 2 2
left_child=1 5 3 4 11 6 9 -8 -9 -1 12 -2 -11 -10
right_child=2 -3 -4 -5 -6 -7 7 8 13 10 -12 -13 -14 -15
leaf_value=-0.58276140141633737 -0.65908554981355572 -0.5751333396248508 -0.60521405739176992 -0.98910562364135801 -0.60327902044273829 -0.57632447695073152 -0.58334876240456224 -0.63961139986765247 -0.59140317676796228 -0.60626020708888417 -0.57985634576881362 -0.74677434354242944 -0.66771989875179816 -0.6070442748722582
leaf_weight=21217.5 1281.5 61594 3835.5 923 2904.5 5879 3711 456.5 3852 343.5 440.5 1227 227 843.5
leaf_count=13860 619 41715 2160 401 1550 4029 2423 215 2410 172 265 589 82 382
internal_value=-0.582987 -0.582174 -0.590866 -0.593465 -0.591771 -0.583636 -0.584128 -0.586406 -0.588846 -0.583219 -0.58983 -0.595489 -0.595814 -0.587745
internal_weight=108736 98564.5 10171.5 6336 5413 36970.5 31091.5 8863 5152 22228.5 1011 2508.5 570.5 4695.5
internal_count=70872 65553 5319 3159 2758 23838 19809 5430 3007 14379 519 1208 254 2792
is_linear=0
shrinkage=1


Tree=1
num_leaves=15
num_cat=0
split_feature=102 20 124 94 64 67 43 126 117 112 150 134 74 123
split_gain=702.376 118.175 95.4729 70.5292 57.8985 54.8644 54.4288 52.1459 53.713 48.4467 45.6738 36.5576 33.0106 32.4882
threshold=23.289696603177138 -8.1549999999999994 -13.354999999999999 -5.0149999999999988 -5.5749999999999993 0.17985461500000002 0.83713262497118912 -11.029999999999998 10.81827813746767 2.6234435000000005 2.5000000000000004 -0.19169941674578392 3.4683955334175427 -5.0349999999999993
decision_type=2 2 2 2 2 2 2 2 2 2 2 2 2 2
left_child=1 3 6 7 5 9 10 8 13 -3 -2 -7 -12 -1
right_child=2 4 -4 -5 -6 11 -8 -9 -10 -11 12 -13 -14 -15
leaf_value=-0.023839593489679057 -0.11688234772595764 -0.00053161248761168344 -0.023189744900082944 -0.0023901385765936942 0.0077152394739507454 0.0013123147117301136 -0.035466476336589843 -0.0075879414249543009 -0.023296928129068119 -0.055657686782472279 -0.0016205928229141514 -0.04199353853908503 -0.20904265736251926 -0.050100163035950412
leaf_weight=417 1076.5 221.5 2309 12322 54951.5 29817 604 2253 714 244 140 212.5 3022 476.5
leaf_count=264 501 156 1339 7664 37295 19741 300 1355 388 89 74 102 1405 215
internal_value=4.42499e-05 0.000683751 -0.00904308 -0.00166688 0.00112897 8.05706e-05 -0.0114369 -0.00520528 -0.00933348 -0.0101385 -0.0126378 0.000239114 -0.0144559 -0.0142362
internal_weight=108780 101629 7151.5 16182.5 85446.5 30495 4842.5 3860.5 1607.5 465.5 4238.5 30029.5 3162 893.5
internal_count=70888 67269 3619 9886 57383 20088 2280 2222 867 245 1980 19843 1479 479
is_linear=0
shrinkage=0.03


Tree=2
num_leaves=15
num_cat=0
split_feature=102 19 19 9 134 63 114 8 37 44 92 64 67 112
split_gain=567.576 186.135 80.4129 64.0762 61.7374 69.6076 54.571 42.3767 39.4013 46.019 39.0744 38.8042 47.6067 42.4419
threshold=28.049194214531074 -7.5349999999999993 -10.644999999999998 9.882274500000003 -1.0403017882326677 4.5550000000000006 2.0869183713500008 4.400265000000001 0.54349378059520304 0.55807813652300753 195566.50000000003 -5.5749999999999993 0.18707142000000002 2.6234435000000005
decision_type=2 2 2 2 2 2 2 2 2 2 2 2 2 2
left_child=1 3 8 4 -1 -6 -7 -4 -2 -10 -5 12 13 -3
right_child=2 11 7 10 5 6 -8 -9 9 -11 -12 -13 -14 -15
leaf_value=-0.0024025950837949471 -0.14864163637477268 6.7415736865905628e-06 -0.13652648187221236 -0.0079434489999930438 -0.0023206545523548781 0.011732914813383802 -0.020529754390030248 -0.01589230952955251 -0.2337758996769608 -0.023687168918191209 -0.064683223436196383 0.0071823099236840628 0.0020250315532872416 -0.025431388589308379
leaf_weight=15680.5 1119.5 267 372 228.5 2475.5 477.5 2642 1699.5 1852 198 445 57392.5 24105 295
leaf_count=9904 530 194 167 126 1534 357 1407 916 826 99 216 38831 15873 112
internal_value=0.000120509 0.000605936 -0.00951212 -0.00184791 -0.00155932 -0.0042648 -0.00724564 -0.00491287 -0.0125169 -0.0149905 -0.0109583 0.00126232 0.000267077 -0.00836328
internal_weight=109250 104008 5241 21949 21275.5 5595 3119.5 2071.5 3169.5 2050 673.5 82059.5 24667 562
internal_count=71092 68554 2538 13544 13202 3298 1764 1083 1455 925 342 55010 16179 306
is_linear=0
shrinkage=0.03


Tree=3
num_leaves=15
num_cat=0
split_feature=11 19 101 16 123 26 11 114 55 128 14 43 47 62
split_gain=492.1 153.296 70.2807 61.4417 57.0409 57.1972 55.3751 51.4932 50.3296 46.3804 45.0252 64.7911 46.2586 44.1924
threshold=2073.4130000000005 -5.6149999999999993 119.90726300000001 8.6350000000000033 -2.1999999999999993 5.8649964000000008 616.44305000000008 1.7135859270000002 10864.115500000002 -5.4019024499999988 101.50342882642279 0.26711860617545019 229137.50000000003 129518.00000000001
decision_type=2 2 2 2 2 2 2 2 2 2 2 2 2 2
left_child=1 3 -2 4 5 -1 -5 -6 -9 -10 12 -12 -4 -8
right_child=2 -3 10 6 7 -7 13 8 9 -11 11 -13 -14 -15
leaf_value=0.002987728973258769 -0.013677350093835918 0.0069690412547995205 -0.025014313200493524 0.003521750758322732 0.0062023958276442338 -0.013569870170613662 -0.024551297756550777 -0.01444002864586103 -0.043687287151028806 -0.0025399081819232573 -0.36611129169562295 -0.087074415977623679 -0.15656513835119112 -0.057930356424998428
leaf_weight=23968 1688.5 62677.5 953 1070 2117 2259 1352.5 4183 99 4813 956 720.5 1469.5 542.5
leaf_count=15681 899 42367 489 667 1497 1273 734 2445 72 3253 407 341 643 226
internal_value=0.00016845 0.000646396 -0.00834361 -0.000794474 -0.000465155 0.000300377 -0.0049516 -0.00225613 -0.00323713 -0.00117689 -0.0104657 -0.0142476 -0.00784673 -0.00803229
internal_weight=108869 103082 5787.5 40404 37439 26227 2965 11212 9095 4912 4099 1676.5 2422.5 1895
internal_count=70994 68215 2779 25848 24221 16954 1627 7267 5770 3325 1880 748 1132 960
is_linear=0
shrinkage=0.03


Tree=4
num_leaves=15
num_cat=0
split_feature=11 103 19 107 43 18 134 60 12 67 110 19 16 29
split_gain=428.142 117.335 105.387 71.1497 64.1447 42.9273 55.1504 43.2775 42.5661 36.1744 41.0907 34.2439 33.1408 48.3713
threshold=1361.1777000000002 86.738402853783299 -5.6149999999999993 763526.50000000012 0.22866808937999225 5.955000000000001 -0.99257624385832155 364.00000000000006 13.42164341394186 0.17985461500000002 10.715000000000002 -7.6399999999999997 9.7850000000000019 21.340580550006525
decision_type=2 2 2 2 2 2 2 2 2 2 2 2 2 2
left_child=2 3 5 -2 -3 9 -7 -8 -4 10 -1 -9 -11 -14
right_child=1 4 8 -5 -6 6 7 11 -10 12 -12 -13 13 -15
leaf_value=-0.0016681264916979788 -0.01351060804259376 -0.29568748309482407 0.0084891384091476379 -0.1147729269599161 -0.071182124836999136 -0.0029311474068993821 -0.0014622161266272143 -0.018034414825652396 -0.00056670991606560367 0.0022059668371352949 -0.063102842348618751 -0.008652825274100464 0.010329607099928896 -0.041332332092694712
leaf_weight=205.5 6191.5 1417.5 50003.5 796 840 9053 795 1087.5 11686.5 24440.5 158 619 462 560
leaf_count=147 3353 616 34427 391 420 5832 513 615 7368 16004 57 380 294 255
internal_value=0.000192479 -0.00598176 0.000768679 -0.00405998 -0.0119284 -0.000488234 -0.00200816 -0.00595119 0.00153034 0.000191667 -0.00920379 -0.00864438 0.000325949 -0.00496625
internal_weight=108316 9245 99070.5 6987.5 2257.5 37380.5 11554.5 2501.5 61690 25826 363.5 1706.5 25462.5 1022
internal_count=70672 4780 65892 3744 1036 24097 7340 1508 41795 16757 204 995 16553 549
is_linear=0
shrinkage=0.03


Tree=5
num_leaves=15
num_cat=0
split_feature=6 19 104 43 107 5 58 114 63 45 47 9 10 47
split_gain=381.338 107.577 99.5559 89.1979 58.8041 44.1571 39.8834 53.1728 47.8405 39.6919 58.6531 46.2194 53.3185 45.4589
threshold=10.975000000000003 -5.6149999999999993 90.682443377554065 0.22866808937999225 763526.50000000012 -0.8849999999999999 15.789381992418241 1.6992516300000002 4.4650000000000007 542.50000000000011 388064.00000000006 3.7162114000000002 14573.079250000001 475651.00000000006
decision_type=2 2 2 2 2 2 2 2 2 2 2 2 2 2
left_child=1 5 4 -4 -2 -1 7 -7 -9 10 11 -10 -13 -12
right_child=2 -3 3 -5 -6 6 -8 8 9 -11 13 12 -14 -15
leaf_value=-0.060817012198392369 -0.010883022952484304 0.0070968142686592744 -0.30433620398493744 -0.049027671545914614 -0.14624734040128315 0.0056787636512458722 0.0028037239384673712 -0.00041597590892946806 -0.00063764820960644905 0.0088052916745485852 -0.023966770280151772 -0.027112947425805344 0.0044458676216032117 -0.015167593581922659
leaf_weight=133 7975.5 61134 1475 1235.5 864.5 3970 17623 5800.5 3157 1050.5 1399.5 725.5 488 1726.5
leaf_count=50 4483 41513 637 603 429 2808 11371 3764 2079 733 727 324 316 1126
internal_value=0.000218936 0.000831309 -0.00493442 -0.00996477 -0.00339159 -0.000467835 -0.000403874 -0.00138416 -0.00223448 -0.00366159 -0.00442701 -0.00218174 -0.00715763 -0.00756502
internal_weight=108758 97207.5 11550.5 2710.5 8840 36073.5 35940.5 18317.5 14347.5 8547 7496.5 4370.5 1213.5 3126
internal_count=70963 64811 6152 1240 4912 23298 23248 11877 9069 5305 4572 2719 640 1853
is_linear=0
shrinkage=0.03


Tree=6
num_leaves=15
num_cat=0
split_feature=103 19 98 9 125 59 63 67 60 134 57 92 12 94
split_gain=393.753 133.544 66.1272 54.8972 48.673 60.7087 46.3108 53.2038 41.544 38.4889 47.7869 37.6473 37.3329 37.0234
threshold=62.179299377449439 -5.6149999999999993 5.7099493000000008 9.882274500000003 -7.3299999999999992 27.957461179626033 4.4250000000000007 0.17985461500000002 390.35000000000008 -5.7954709737772481 31.214925119962373 195566.50000000003 12.987288631371188 -8.9849999999999977
decision_type=2 2 2 2 2 2 2 2 2 2 2 2 2 2
left_child=1 3 9 4 5 6 -1 -8 -9 -2 -11 -5 -3 -12
right_child=2 12 -4 11 -6 -7 7 8 -10 10 13 -13 -14 -15
leaf_value=-0.0015429109026298472 -0.0076946656059242923 0.008034079166479545 -0.35512264353869211 -0.0032688739576609859 0.0067366312636739237 0.0012604544321771598 -0.056427076415213336 -0.0036545400465615241 -0.013707242954074828 -0.04141035300198169 -0.14547443903804166 -0.089444576154241187 8.5521317208792673e-06 -0.089569938763988874
leaf_weight=7751 1059 49542 1152.5 288 5912 17339.5 252 4639.5 4813.5 1550.5 218 468.5 12350 1158
leaf_count=4878 535 34065 496 148 4052 11113 92 2890 3001 804 94 223 7793 551
internal_value=0.000208297 0.000611285 -0.00789747 -0.000706153 -0.000557254 -0.000984909 -0.00223383 -0.0036148 -0.00325163 -0.00606571 -0.0078393 -0.00871332 0.00149394 -0.0119097
internal_weight=108494 103356 5138 41464 40707.5 34795.5 17456 9705 9453 3985.5 2926.5 756.5 61892 1376
internal_count=70735 68255 2480 26397 26026 21974 10861 5983 5891 1984 1449 371 41858 645
is_linear=0
shrinkage=0.03


Tree=7
num_leaves=15
num_cat=0
split_feature=102 19 19 73 18 121 62 6 126 15 6 33 18 49
split_gain=349.17 140.104 52.1029 45.8981 66.628 66.5182 41.3353 40.7487 40.4408 40.365 35.9373 34.7457 33.5941 33.2031
threshold=35.664402378329306 -7.5349999999999993 -10.824999999999998 6.2150719185568244 5.1550000000000011 -6.9299999999999997 79915.000000000015 17.025000000000002 -8.5849999999999991 362.55000000000007 5.0650000000000004 0.36237046214203694 16.840000000000003 3.8650000000000007
decision_type=2 2 2 2 2 2 2 2 2 2 2 2 2 2
left_child=1 3 9 4 7 6 -6 -1 -7 -2 -3 -11 -4 -12
right_child=2 10 12 -5 5 8 -8 -9 -10 11 13 -13 -14 -15
leaf_value=0.0010656134485211538 -0.057478053162540614 0.0078450906131901331 -0.007871657124904426 -0.0012958806653554779 -0.0045715715210313162 -0.044798927460052082 -0.016203332602849233 -0.11472618643752119 -0.013866035105623628 -0.40924277316537583 -0.0054705152938618372 -0.11660631214662968 -0.39234010324413032 0.0034607137074775533
leaf_weight=4648 529.5 45437.5 718.5 12610 3360.5 376 327.5 259 1527 740.5 6834 905 88 29974
leaf_count=2892 230 31171 370 7851 2080 165 144 122 922 315 4446 406 40 19511
internal_value=0.000286168 0.000572714 -0.00983784 -0.00149117 -0.00295653 -0.00519558 -0.00284374 -0.000404719 -0.00975146 -0.0122532 0.00115263 -0.0145725 -0.00331949 0.000455769
internal_weight=108335 105354 2981.5 23108 10498 5591 3688 4907 1903 2175 82245.5 1645.5 806.5 36808
internal_count=70665 69304 1361 14176 6325 3311 2224 3014 1087 951 55128 721 410 23957
is_linear=0
shrinkage=0.03


Tree=8
num_leaves=15
num_cat=0
split_feature=103 19 19 43 59 3 114 123 67 52 113 103 18 46
split_gain=310.023 109.445 84.7972 58.198 43.3568 54.8908 44.7881 54.1632 36.8074 39.9478 35.4765 33.83 35.6314 33.5956
threshold=55.36273581809801 -5.6149999999999993 -11.094999999999997 0.36447721849087716 27.957461179626033 21.235000000000003 1.6992516300000002 -2.9049999999999998 1.44850875 2.8621547000000005 0.76518100000000011 86.738402853783299 6.3050000000000006 34.480000000000011
decision_type=2 2 2 2 2 2 2 2 2 2 2 2 2 2
left_child=1 4 3 11 5 6 -1 10 9 -9 -8 12 -2 -7
right_child=2 -3 -4 -5 -6 13 7 8 -10 -11 -12 -13 -14 -15
leaf_value=0.0050587389550597996 -0.16789472682460244 0.0063311928131243788 -0.026238266663667013 -0.046722014706072172 0.0023801183880725993 -0.020847532586887617 -0.055040783048860606 -0.0051082398265643852 0.0012974894193381237 -0.017435399894214498 -0.00051626874062871391 -0.30263678260906074 -0.047167802854860698 0.0051713580260518048
leaf_weight=4033.5 577.5 61770.5 2953 1193 18940.5 575.5 45 2320.5 1426 3528 9172.5 1128 603 171.5
leaf_count=2847 246 41768 1612 588 12190 278 15 1416 977 1994 5820 497 310 93
internal_value=0.000287639 0.000691214 -0.00608845 -0.00924649 -0.000526768 -0.00145631 -0.0011654 -0.00185853 -0.00379382 -0.00484757 -0.000330834 -0.0120274 -0.00847069 -0.00944452
internal_weight=108438 101984 6454.5 3501.5 40213 21272.5 20525.5 16492 7274.5 5848.5 9217.5 2308.5 1180.5 747
internal_count=70651 67398 3253 1641 25630 13440 13069 10222 4387 3410 5835 1053 556 371
is_linear=0
shrinkage=0.03


Tree=9
num_leaves=15
num_cat=0
split_feature=11 19 98 18 74 60 12 60 11 127 49 45 15 2
split_gain=279.699 97.6905 67.2395 49.2005 51.182 45.0644 39.8209 32.92 33.6876 36.4011 31.9607 43.8735 30.9539 28.827
threshold=2073.4130000000005 -5.6149999999999993 5.7099493000000008 5.8150000000000004 13.241428071286277 295.45000000000005 12.987288631371188 386.65000000000003 628.57435000000021 -1.6456654599999998 3.4350000000000005 477.55000000000007 362.55000000000007 1303766.5000000002
decision_type=2 2 2 2 2 2 2 2 2 2 2 2 2 2
left_child=1 3 5 -1 7 -2 -3 -5 9 -9 -8 13 -4 -12
right_child=2 6 12 4 -6 -7 10 8 -10 -11 11 -13 -14 -15
leaf_value=0.00089232357681961235 -0.092968563878521815 0.0072964830148672874 -0.033080423864544399 -0.0058423548152265435 -0.0022380733295342022 -0.032814304705474986 -0.012262176066089618 -0.0004449632977426491 -0.025471135140791717 -0.030315474034227297 -0.0062453107495208625 0.0065697005865534399 -0.31959098753507881 -0.021899245100928239
leaf_weight=26099 369 49704 302 2479.5 9581 3928.5 1057 786.5 789 486 4731.5 7002 1165 48
leaf_count=16904 132 34181 141 1510 6165 1990 624 498 412 223 2927 4524 510 16
internal_value=0.00025575 0.000616488 -0.0061745 -0.000536882 -0.00196331 -0.00428018 0.00135827 -0.00458677 -0.00738868 -0.00436469 -0.000130972 0.000317147 -0.0117211 -0.00189838
internal_weight=108528 102764 5764.5 40221 14122 4297.5 62542.5 4541 2061.5 1272.5 12838.5 11781.5 1467 4779.5
internal_count=70757 67984 2773 25712 8808 2122 42272 2643 1133 721 8091 7467 651 2943
is_linear=0
shrinkage=0.03


Tree=10
num_leaves=15
num_cat=0
split_feature=103 19 102 69 12 43 63 16 54 56 69 1 12 55
split_gain=270.616 93.4041 69.5055 46.5867 41.8663 38.9628 40.0027 53.2202 40.2521 43.0461 37.4749 33.9646 33.7117 36.0205
threshold=55.36273581809801 -5.6149999999999993 54.377496466607198 4.720541450000001e-06 45.684407917049306 0.95958419369735559 3.4650000000000003 9.4050000000000029 3.0330426500000005 185.36295000000004 8.0062910000000016e-05 24.260000000000002 11.487285532096033 7875.3500000000013
decision_type=2 2 2 2 2 2 2 2 2 2 2 2 2 2
left_child=1 5 3 4 -2 6 -1 8 9 -8 -9 -5 -3 -14
right_child=2 12 -4 11 -6 -7 7 10 -10 -11 -12 -13 13 -15
leaf_value=0.0021562467633458779 -0.21156502221746354 0.0075923558368750583 -0.26311131808212185 -0.006447132323304931 -0.04808732936933692 0.0034224509087003338 0.00079249767857854196 -0.038314478697320901 0.00057086556685938185 -0.01145058184260696 -0.01069895228268459 -0.0611151706925534 -0.011893214103427956 0.0018891487611285935
leaf_weight=7115.5 285.5 46927 1194.5 2714.5 148 14821 2884.5 465 7381 6961.5 513.5 2132 865.5 13970
leaf_count=4642 117 32384 532 1557 64 9570 1893 212 4959 4094 266 990 484 8962
internal_value=0.000292252 0.000670142 -0.00565494 -0.00417549 -0.0135989 -0.000456403 -0.00117151 -0.00191702 -0.00153021 -0.00278577 -0.00872318 -0.00333172 0.00140238 0.000155606
internal_weight=108379 101904 6474.5 5280 433.5 40142 25321 18205.5 17227 9846 978.5 4846.5 61762.5 14835.5
internal_count=70726 67466 3260 2728 181 25636 16066 11424 10946 5987 478 2547 41830 9446
is_linear=0
shrinkage=0.03


Tree=11
num_leaves=15
num_cat=0
split_feature=103 19 93 15 69 42 11 111 123 109 55 118 52 8
split_gain=225.97 89.7028 56.2525 47.0223 38.5746 37.5147 33.2968 31.5743 32.2032 46.2101 33.7134 41.8472 34.6233 33.3568
threshold=55.36273581809801 -5.6149999999999993 15.565000000000003 362.55000000000007 4.720541450000001e-06 0.35450274461276854 4447.9250000000011 1.1850000000000003 -2.1549999999999989 9.120000000000001 12146.414500000001 11.137963723263791 2.8621547000000005 1.8465420500000003
decision_type=2 2 2 2 2 2 2 2 2 2 2 2 2 2
left_child=1 6 4 -4 -2 -5 7 -1 -9 -10 12 -12 -11 -14
right_child=2 -3 3 5 -6 -7 -8 8 9 10 11 -13 13 -15
leaf_value=-0.044353428011217291 -0.13567328155982716 0.005656864547713498 -0.0087777616426097556 -0.32249343492507909 -0.021474592485903957 -0.09826383756874274 -0.051925715635002541 0.00092586081241499924 0.00070540357533459502 -0.0028209513339414573 0.0035098710686560074 -0.038055341598536033 0.0021558035478166392 -0.02577110158440532
leaf_weight=61.5 219 61515 528 1016 4049 694.5 475.5 28750 5649.5 1313.5 1639.5 215.5 348.5 1935
leaf_count=23 93 41664 247 442 2162 332 228 18322 3787 846 1168 140 234 1010
internal_value=0.000326649 0.000672768 -0.00509367 -0.00894599 -0.00307233 -0.0113618 -0.000425652 -0.000331545 -0.000298294 -0.0016707 -0.00364098 -0.000354159 -0.00533513 -0.00756766
internal_weight=108410 101904 6506.5 2238.5 4268 1710.5 40388.5 39913 39851.5 11101.5 5452 1855 3597 2283.5
internal_count=70698 67422 3276 1021 2255 774 25758 25530 25507 7185 3398 1308 2090 1244
is_linear=0
shrinkage=0.03


Tree=12
num_leaves=15
num_cat=0
split_feature=102 19 19 18 7 59 18 107 74 113 111 107 22 46
split_gain=231.606 77.3932 60.6294 42.35 32.7557 30.0223 46.3603 42.758 66.5991 35.448 33.9646 29.0966 31.7524 34.4876
threshold=23.289696603177138 -5.6149999999999993 -10.644999999999998 16.840000000000003 1.9375505500000003 19.203241277390223 5.1350000000000007 349597.00000000006 12.52021706530696 2.9340591000000003 7.0150000000000015 1666377.5000000002 2.2840691000000004 19.205000000000002
decision_type=2 2 2 2 2 2 2 2 2 2 2 2 2 2
left_child=1 5 11 4 -4 6 7 -1 -9 -8 -11 12 -2 -14
right_child=2 -3 3 -5 -6 -7 9 8 -10 10 -12 -13 13 -15
leaf_value=0.0066888870634256182 -0.057735325782491867 0.0056540969943326119 -0.1447044309189178 -0.42566260387979116 -0.0029484383827143635 0.00087846249651621323 -0.0040529896849575541 -0.0026900065697590199 -0.055040152664435314 -0.031161112467257737 -0.01589657868512 -0.61567070326520901 -0.32201413381031452 -0.10001666703817973
leaf_weight=4531.5 2265.5 61542.5 89 99 3005.5 27289 3305 2310 336.5 442 1584.5 144 140 1298.5
leaf_count=3041 1107 41682 48 46 1674 17647 2074 1442 149 198 922 72 51 579
internal_value=0.000320019 0.000685606 -0.00494099 -0.00188392 -0.00126462 -0.000345276 -0.00156228 1.12846e-05 -0.00301802 -0.00368135 -0.00680573 -0.0074772 -0.0069612 -0.0104487
internal_weight=108382 101341 7041.5 3193.5 3094.5 39798.5 12509.5 7178 2646.5 5331.5 2026.5 3848 3704 1438.5
internal_count=70732 67155 3577 1768 1722 25473 7826 4632 1591 3194 1120 1809 1737 630
is_linear=0
shrinkage=0.03


Tree=13
num_leaves=15
num_cat=0
split_feature=103 19 93 42 57 107 15 12 72 47 150 15 1 49
split_gain=200.8 83.9424 41.3398 38.6185 63.1965 40.3657 32.5659 31.4953 35.0392 35.091 28.5232 26.6568 30.2176 32.629
threshold=62.179299377449439 -5.6149999999999993 18.065000000000001 0.40679879619928477 31.214925119962373 862756.50000000012 508.90000000000003 11.487285532096033 0.00038224743674085008 406922.00000000006 3.5000000000000004 448.15000000000003 10.005000000000001 6.1150000000000011
decision_type=2 2 2 2 2 2 2 2 2 2 2 2 2 2
left_child=1 2 -1 4 5 -2 -5 8 9 -3 -6 12 -9 -14
right_child=3 7 -4 6 10 -7 -8 11 -10 -11 -12 -13 13 -15
leaf_value=-0.0010021901565922379 -0.028302497806005286 0.0028753908121903473 -0.029295642188535184 -0.020543845130928936 -0.16703261352708274 -0.33582074922962757 -0.22743025595745647 0.0036865599617867751 0.0072284078468932735 -0.035499165509558048 -0.29406325125289873 0.0079245554426040799 -0.01411013672746337 -0.0020575779360970884
leaf_weight=39840.5 1369.5 279.5 1240.5 2282 345 247 118 4647 46301 253.5 596 4038 2041 4748
leaf_count=25535 682 209 611 1166 153 106 53 2984 32006 92 258 2691 1179 2998
internal_value=0.000338788 0.000621623 -0.000431074 -0.00555904 -0.00812461 -0.00452338 -0.00282363 0.00131574 0.00170344 -0.0059426 -0.0143067 0.000142109 -0.000597581 -0.00187359
internal_weight=108346 103389 41081 4957.5 2557.5 1616.5 2400 62308 46834 533 941 15474 11436 6789
internal_count=70723 68305 26146 2418 1199 788 1219 42159 32307 301 411 9852 7161 4177
is_linear=0
shrinkage=0.03


Tree=14
num_leaves=15
num_cat=0
split_feature=102 19 19 102 73 67 60 93 12 31 18 94 121 123
split_gain=201.699 66.687 62.0764 32.7934 32.4759 34.636 35.3522 46.6549 32.1294 30.4733 28.6626 28.1184 32.7618 27.3547
threshold=20.200195371282032 -10.644999999999998 -5.9749999999999988 35.664402378329306 9.0241485492803122 0.17985461500000002 386.65000000000003 20.825000000000003 0.58436251918202886 0.45164678774735695 16.840000000000003 -5.1049999999999995 -6.6749999999999998 -3.589999999999999
decision_type=2 2 2 2 2 2 2 2 2 2 2 2 2 2
left_child=2 3 4 -2 5 9 7 -7 -8 -1 11 12 -3 -10
right_child=1 10 -4 -5 -6 6 8 -9 13 -11 -12 -13 -14 -15
leaf_value=-8.4971599780113376e-05 -0.029261322666808105 -0.0037572277766405289 0.0054190320035437511 -0.16763220419683925 0.0042275640594927203 0.00171977790802812 -0.026419727249309487 -0.020690352286918696 0.0010655944297255067 -0.044915038490844612 -0.34974305402019329 -0.00081753814006224016 -0.056919739396587281 -0.008448896683204709
leaf_weight=174.5 2153.5 344 65931 2183.5 13491.5 10474.5 484 186 3181.5 262.5 86 3994.5 226.5 5550
leaf_count=91 1100 173 44556 965 8758 6773 214 76 2095 103 41 2319 94 3547
internal_value=0.00038706 -0.00391718 0.000774984 -0.00659335 -0.000270185 -0.00102806 -0.000844179 0.000331923 -0.00220501 -0.00938229 -0.00142095 -0.0010968 -0.0073265 -0.00178747
internal_weight=108724 8988 99735.5 4337 33804.5 20313 19876 10660.5 9215.5 437 4651 4565 570.5 8731.5
internal_count=70905 4692 66213 2065 21657 12899 12705 6849 5856 194 2627 2586 267 5642
is_linear=0
shrinkage=0.03


Tree=15
num_leaves=15
num_cat=0
split_feature=9 102 6 64 33 130 47 124 102 63 16 67 72 47
split_gain=170.957 59.0759 53.439 36.2885 32.7378 31.4279 29.5505 28.7885 28.6904 27.6573 32.2442 30.7243 27.1082 40.2983
threshold=5.7719417000000011 54.377496466607198 5.0150000000000006 -5.5349999999999993 0.43902439024390266 -13552.146984999998 195975.50000000003 -23.164999999999996 10.168063070901121 3.5950000000000002 10.570000000000002 0.17985461500000002 0.00038224743674085008 373143.50000000006
decision_type=2 2 2 2 2 2 2 2 2 2 2 2 2 2
left_child=2 -2 12 5 6 -4 -3 -7 -5 -9 11 -11 13 -1
right_child=1 4 3 8 -6 7 -8 9 -10 10 -12 -13 -14 -15
leaf_value=0.0078179372428131763 -0.017374283079239633 -0.0052866862364103996 0.0028381564452140558 0.0048774452540849937 -0.077093908161278271 -0.021450669507149966 -0.39472957072849779 0.0045065342298222233 -0.0023799469673711133 -0.043818632912770841 -0.0360718739644929 -0.0057278075284856872 0.0066642700996816257 -0.035388522669858813
leaf_weight=335 7309.5 111.5 8141.5 17783.5 578.5 295.5 547 4204 8306 211.5 72 13117.5 47478.5 276
leaf_count=241 3804 44 5298 11892 270 134 241 2853 5259 95 26 8227 32494 99
internal_value=0.000407286 -0.00366549 0.000754632 8.92264e-05 -0.0097292 -0.000702938 -0.0143053 -0.00140585 0.000880064 -0.00124975 -0.00191581 -0.00180732 0.0014759 -0.00480118
internal_weight=108768 8546.5 100221 52131.5 1237 26042 658.5 17900.5 26089.5 17605 13401 13329 48089.5 611
internal_count=70977 4359 66618 33784 555 16633 285 11335 17151 11201 8348 8322 32834 340
is_linear=0
shrinkage=0.03


Tree=16
num_leaves=15
num_cat=0
split_feature=102 6 94 57 107 44 47 150 49 47 70 27 29 94
split_gain=161.202 70.489 40.2293 32.6839 60.2802 56.0648 29.8092 26.5737 25.797 23.8006 28.4621 40.7486 23.4443 22.9726
threshold=28.049194214531074 5.0650000000000004 -4.9249999999999989 28.693027902500464 862756.50000000012 0.029907763220118126 191687.50000000003 2.5000000000000004 3.4750000000000005 357378.00000000006 44.388701500000003 8.0746602698615018 13.198120084045057 -16.404999999999998
decision_type=2 2 2 2 2 2 2 2 2 2 2 2 2 2
left_child=1 -1 13 4 -2 6 -5 -8 9 -4 11 12 -11 -3
right_child=3 2 8 5 -6 -7 7 -9 -10 10 -12 -13 -14 -15
leaf_value=0.0059621058891755237 -0.0075980895464755702 -0.042923289068656355 0.0015623592836092502 -0.025444683486454487 -0.28322053112847734 -0.037951809425589803 -0.31560852956353552 -0.40470910692900974 0.0020619185281322886 -0.011879312578181494 0.0023434771510179122 -0.036434393673243269 -0.0025474480073767762 -0.0064867962675869998
leaf_weight=49445.5 2489.5 289.5 3257 204 334 1242.5 220 582 37731 941.5 1248 274.5 1864.5 8989.5
leaf_count=33696 1260 118 2117 109 140 605 91 242 24278 522 847 143 1307 5600
internal_value=0.000356383 0.000611009 -0.000132071 -0.00486603 -0.00271515 -0.00756537 -0.0128307 -0.0154357 0.000236371 -0.00135988 -0.00281765 -0.00436619 -0.00328534 -0.00193176
internal_weight=109113 104041 54595.5 5072 2823.5 2248.5 1006 802 45316.5 7585.5 4328.5 3080.5 2806 9279
internal_count=71075 68628 34932 2447 1400 1047 442 333 29214 4936 2819 1972 1829 5718
is_linear=0
shrinkage=0.03


Tree=17
num_leaves=15
num_cat=0
split_feature=6 93 2 114 114 49 103 47 120 17 119 20 11 9
split_gain=155.29 72.0758 42.3528 38.5763 36.8705 56.2738 39.8743 37.0664 36.0762 32.085 37.5031 31.8055 32.0916 31.0419
threshold=8.4350000000000005 18.065000000000001 201755.50000000003 2.7696099700000008 1.6992516300000002 3.8650000000000007 1.382022105353762 365245.50000000006 -47.14999999999997 13243.500000000002 13.78705454743786 -3.8249999999999997 150.71601000000001 4.0005539500000014
decision_type=2 2 2 2 2 2 2 2 2 2 2 2 2 2
left_child=4 2 3 -2 -1 6 -6 -8 9 -5 -11 12 -9 -10
right_child=1 -3 -4 8 5 -7 7 11 13 10 -12 -13 -14 -15
leaf_value=0.0064141680331307009 0.0024813852644608122 -0.12887401997269951 -0.001701339404909633 -0.0069436607461926458 -0.030996658041909667 0.0041198161575100355 0.0052531156577113134 -0.022250371027569601 -0.015363579950017789 -0.080511100661729479 0.012273767664538209 0.0098799748076741946 -0.0074283814457065831 0.0021243335879699149
leaf_weight=28963.5 1380 2545 12808 746 875 44276 5008.5 162 853 1227.5 167.5 1303.5 7332 1236
leaf_count=20138 824 1193 7695 413 420 29303 3462 68 457 537 111 908 4712 769
internal_value=0.000364449 -0.00195572 -0.0013016 -0.00347534 0.000917686 0.000487015 -0.00112246 -0.000728591 -0.00489634 -0.00763346 -0.0103197 -0.0019016 -0.00265409 -0.00208942
internal_weight=108884 20963 18418 5610 87920.5 58957 14681 13806 4230 2141 1395 8797.5 7494 2089
internal_count=71010 11999 10806 3111 59011 38873 9570 9150 2287 1061 648 5688 4780 1226
is_linear=0
shrinkage=0.03


Tree=18
num_leaves=15
num_cat=0
split_feature=11 114 49 64 111 134 122 122 103 116 77 12 16 106
split_gain=120.628 58.1161 46.3072 36.9605 37.0951 34.1349 46.4163 45.9415 38.8592 38.1286 35.4224 34.8167 33.3729 41.0489
threshold=2073.4130000000005 1.6992516300000002 3.8650000000000007 -5.5749999999999993 1.9650000000000001 -1.1180533097438603 -310472.99999999994 -386080.99999999994 1.0800161026133683 185.65930989800003 0.97585895216323093 2.8080480521819751 10.025 12.280000000000003
decision_type=2 2 2 2 2 2 2 2 2 2 2 2 2 2
left_child=1 -1 5 12 -5 -3 7 10 -8 -9 -7 -11 -4 -14
right_child=-2 2 3 4 -6 6 8 9 -10 11 -12 -13 13 -15
leaf_value=0.006282809461491224 -0.051664061329121984 -8.8175828005154311e-05 2.8513076818003154e-05 -0.047952437857899412 0.0048402337004900785 -0.0018130246613644622 -0.028831090081348699 -0.041265186770182302 0.0032108215326269599 -0.044638555493315642 -0.018280438879371481 -0.0051054600021933584 -0.041370818478240638 -0.0023398459966823492
leaf_weight=29512 5637.5 10170 24371.5 48 30671 2114.5 357 422 2909 255 619.5 559 471 714
leaf_count=20493 2707 6820 15561 16 20429 1292 152 183 1944 139 328 332 209 412
internal_value=0.000408937 0.000642409 0.000191792 0.000610096 0.00131137 -0.00116045 -0.00273545 -0.00491474 -8.54227e-05 -0.00971523 -0.00274313 -0.00591451 -0.000232719 -0.00514893
internal_weight=108831 103194 73681.5 56275.5 30719 17406 7236 3970 3266 1236 2734 814 25556.5 1185
internal_count=71017 68310 47817 36627 20445 11190 4370 2274 2096 654 1620 471 16182 621
is_linear=0
shrinkage=0.03


Tree=19
num_leaves=15
num_cat=0
split_feature=102 64 19 125 107 72 57 63 63 45 64 107 49 116
split_gain=124.073 49.8555 43.6105 33.5622 27.4762 33.9981 24.0447 31.4235 32.1003 53.6194 27.1714 37.9018 24.7232 33.3764
threshold=19.534000181820872 -5.5749999999999993 -10.644999999999998 -7.3299999999999992 862756.50000000012 17.903069199218944 8.5928131948394562 4.4650000000000007 4.5950000000000006 487.45000000000005 -5.6549999999999994 248032.50000000003 6.8050000000000006 473.51304145000006
decision_type=2 2 2 2 2 2 2 2 2 2 2 2 2 2
left_child=1 3 4 6 -2 -6 7 -1 9 -9 -8 -12 13 -10
right_child=2 -3 -4 -5 5 -7 10 8 12 -11 11 -13 -14 -15
leaf_value=0.0016333074494200622 -0.031848197045715537 0.0046122743353078565 -0.0042915342380125806 0.0079714382863034054 -0.30349396742846485 0.016048010685332369 0.0024316091426285344 -0.0069993542067123531 -0.0035227261466215533 -0.051712031283264563 -0.03154073597891488 0.010338907048799141 0.0015195498878049639 -0.01521647261989805
leaf_weight=6018 3679 60048 4941 5083.5 651 202 18147 322 4669.5 339 239.5 185 2161 2061
leaf_count=4059 1750 40593 2792 3543 310 101 11546 192 3018 145 106 119 1417 1247
internal_value=0.000426648 0.000739698 -0.00285366 -9.20442e-05 -0.00497915 -0.00983238 -0.000430729 -0.00130024 -0.00236998 -0.00874905 0.000298117 -0.00720325 -0.00189533 -0.0027918
internal_weight=108746 99273.5 9473 39225.5 4532 853 34142 15570.5 9552.5 661 18571.5 424.5 8891.5 6730.5
internal_count=70938 65985 4953 25392 2161 411 21849 10078 6019 337 11771 225 5682 4265
is_linear=0
shrinkage=0.03


Tree=20
num_leaves=15
num_cat=0
split_feature=102 64 12 122 8 48 123 69 47 64 123 4 63 97
split_gain=111.909 43.5163 42.3213 39.0571 33.0446 40.7295 35.7593 35.2681 26.0641 30.6268 22.8743 23.4527 22.7248 36.6189
threshold=13.961859008272031 -5.5749999999999993 41.428775846592139 -1241449.4999999998 1.9364477000000002 5.9350000000000014 -2.2249999999999992 8.7858000000000015e-06 1092544.0000000002 -6.7399999999999993 -1.1899999999999997 6.1150000000000011 5.245000000000001 2.7604293000000006
decision_type=2 2 2 2 2 2 2 2 2 2 2 2 2 2
left_child=1 4 -2 -4 -1 -6 8 10 -7 -10 11 -8 13 -9
right_child=2 -3 3 -5 5 6 7 12 9 -11 -12 -13 -14 -15
leaf_value=0.0064845268645268087 -0.0040446028032512455 0.0048727811901126458 -0.45852704374894698 -0.05782392021712985 -0.031964306338859376 0.0016951777975095048 -0.0198736805588722 -0.021569095494219707 0.0074635629291019126 -0.019818292109093326 0.0026412010839319648 0.0024189726810230137 0.0013180085691638526 0.0076851942885197188
leaf_weight=9414 11345.5 56619.5 273 4005 130 18158 1504 1420.5 299.5 360 384.5 313 3595.5 644.5
leaf_count=6356 6726 38442 134 1894 66 11712 791 824 198 169 275 215 2492 429
internal_value=0.000427749 0.000823066 -0.00192123 -0.00446413 1.09737e-05 -0.000525875 -0.000444103 -0.00214332 0.000265682 -0.00559202 -0.00536542 -0.00677233 -0.00088957 -0.0033979
internal_weight=108466 92843 15623.5 4278 36223.5 26809.5 26679.5 7862 18817.5 659.5 2201.5 1817 5660.5 2065
internal_count=70723 61969 8754 2028 23527 17171 17105 5026 12079 367 1281 1006 3745 1253
is_linear=0
shrinkage=0.03


Tree=21
num_leaves=15
num_cat=0
split_feature=103 9 15 32 47 122 9 64 73 5 52 52 55 16
split_gain=108.328 53.1233 37.4922 35.843 33.364 51.0102 40.5974 36.2038 35.4292 40.4454 35.2284 34.2942 31.3582 27.8933
threshold=62.179299377449439 2.1167806000000007 442.75000000000006 0.75333068383621304 370896.00000000006 -245379.49999999997 9.882274500000003 -5.6549999999999994 3.1352264221309558 2.4050000000000007 3.1676941500000004 2.8923136000000005 10329.543000000001 4.745000000000001
decision_type=2 2 2 2 2 2 2 2 2 2 2 2 2 2
left_child=1 -1 4 -2 13 6 7 10 -7 -10 11 -6 -13 -3
right_child=3 2 -4 -5 5 8 -8 -9 9 -11 -12 12 -14 -15
leaf_value=0.0060389635880554833 -0.026078644439065352 0.0032168767782595341 0.0040464682069661102 -0.14092878308886839 -0.0073520939323480214 -0.03022201709799606 -0.10900237040997991 0.0012246351399677203 -0.02153979808814227 -0.0032789192051075416 -0.0039458501980359972 -0.024281410361827384 -0.0085723585722754497 -0.0039569744525534663
leaf_weight=35912 3298.5 21718.5 19938 1823 1201 258 242 8884.5 120 569 5067.5 435 219 9300.5
leaf_count=24640 1588 14190 13405 877 712 117 99 5676 61 378 3335 187 134 5679
internal_value=0.000377125 0.000587175 9.39032e-05 -0.00388209 -0.000360136 -0.0014285 -0.00102903 -0.00084209 -0.00819449 -0.00463648 -0.00246865 -0.00600614 -0.0115349 0.000225152
internal_weight=108986 103865 67953 5121.5 48015 16996 16049 15807 947 689 6922.5 1855 654 31019
internal_count=71078 68613 43973 2465 30568 10699 10143 10044 556 439 4368 1033 321 19869
is_linear=0
shrinkage=0.03


Tree=22
num_leaves=15
num_cat=0
split_feature=102 20 93 49 0 52 91 106 67 121 106 123 123 49
split_gain=93.7398 55.9226 36.2851 31.3175 26.6664 22.8699 22.7652 27.7904 22.0163 21.3217 20.9936 22.5235 23.885 33.1814
threshold=35.664402378329306 -6.6949999999999994 31.605000000000004 6.8550000000000013 752.10000000000014 1.3257024500000003 13.735000000000001 12.280000000000003 0.34102008000000006 -12.004999999999997 6.160000000000001 -4.9049999999999994 -4.3049999999999988 6.3750000000000009
decision_type=2 2 2 2 2 2 2 2 2 2 2 2 2 2
left_child=1 3 -2 4 10 -5 -7 8 -8 -10 -1 -12 13 -13
right_child=2 -3 -4 5 -6 6 7 -9 9 -11 11 12 -14 -15
leaf_value=0.0018350931497076992 -0.046540860801495575 0.0040751247297650325 -0.46388880874457084 -0.012044437882808868 -0.22916690332736736 0.0039608033431148479 -0.040627565463981385 9.6443829684301539e-05 -0.051475682197108706 -0.0087945918462863735 -0.00010082174531398169 -0.018185690655591859 -0.0060068260992482371 -0.12802868843575826
leaf_weight=4183.5 2703.5 71534 300 57 142 14326 201 2564 84.5 755.5 4065 950 6934 151.5
leaf_count=2827 1228 48412 139 22 71 9009 93 1439 36 412 2464 533 4336 62
internal_value=0.000441403 0.000589591 -0.00478476 -0.000404049 -0.00135114 0.000460638 0.000521162 -0.00160939 -0.00574296 -0.00360314 -0.00123802 -0.00187144 -0.00279201 -0.00689679
internal_weight=108952 105948 3003.5 34414 16426 17988 17931 3605 1041 840 16284 12100.5 8035.5 1101.5
internal_count=71083 69716 1367 21304 10293 11011 10989 1980 541 448 10222 7395 4931 595
is_linear=0
shrinkage=0.03


Tree=23
num_leaves=15
num_cat=0
split_feature=102 9 4 15 72 15 64 64 91 121 45 47 19 122
split_gain=86.4594 44.743 38.7385 32.3157 29.379 55.7754 29.1671 36.3949 29.2793 31.5693 30.7032 29.0912 50.21 26.8604
threshold=20.200195371282032 2.0458287000000004 27.440000000000001 442.75000000000006 0.00038224743674085008 332.35000000000008 -7.5349999999999993 -10.004999999999997 17.160000000000004 -26.294999999999998 522.05000000000007 347809.00000000006 -3.8849999999999993 -245379.49999999997
decision_type=2 2 2 2 2 2 2 2 2 2 2 2 2 2
left_child=1 4 6 11 5 -1 7 -2 9 -9 -10 -3 13 -13
right_child=2 3 -4 -5 -6 -7 -8 8 10 -11 -12 12 -14 -15
leaf_value=0.012467559974947426 -0.019277175138699951 0.0016245768231834042 -0.3081935954685639 0.0041166475612961911 0.0063963872702345144 -0.031410382699829056 -0.00060962455806151097 -0.23438075716898149 -0.16499566723820372 -0.018543577893491019 -0.0036815075376586811 -0.0052156585841498853 0.0040984224227223415 -0.014739748779847755
leaf_weight=326 3233 28086 434 19984.5 32376.5 247.5 3998 209 217 705 82.5 12093.5 5338 1327
leaf_count=260 1657 18155 205 13476 22309 85 2205 94 81 348 42 7641 3524 795
internal_value=0.000417362 0.00066982 -0.00241947 0.00022369 0.00157456 -0.00515429 -0.00196972 -0.00364155 -0.00807226 -0.00539875 -0.0162166 -0.000207142 -0.00112197 -0.00210091
internal_weight=108658 99779 8878.5 66829 32950 573.5 8444.5 4446.5 1213.5 914 299.5 46844.5 18758.5 13420.5
internal_count=70877 66245 4632 43591 22654 345 4427 2222 565 442 123 30115 11960 8436
is_linear=0
shrinkage=0.03


Tree=24
num_leaves=15
num_cat=0
split_feature=102 19 4 144 123 123 6 111 72 47 123 67 123 137
split_gain=82.5275 36.8405 36.1927 25.7965 24.7626 31.3961 35.2131 30.3621 23.9963 32.1167 22.064 24.6766 20.4401 20.3749
threshold=13.961859008272031 -5.6149999999999993 27.440000000000001 5.2850185100000004 -2.2249999999999992 -1.2449999999999999 8.3150000000000031 1.1850000000000003 0.00038224743674085008 406922.00000000006 -1.6699999999999993 0.17668373000000004 -1.6499999999999997 -82316.499999999985
decision_type=2 2 2 2 2 2 2 2 2 2 2 2 2 2
left_child=1 4 -2 8 7 6 10 -1 9 -3 -6 -12 13 -13
right_child=2 3 -4 -5 5 -7 -8 -9 -10 -11 11 12 -14 -15
leaf_value=-0.043984764784557873 -0.0069668688931461614 0.0034285211868596492 -0.30055500829636683 -0.2136128097313455 -0.00076644560741297629 0.0032343786458388741 -0.027666927731263457 0.0022116074023353898 0.0049673124417595159 -0.034749558241175142 -0.054489186204035631 -0.021341430802607936 -0.005369830656108303 -0.012593489355715351
leaf_weight=54 15245 336 452 107.5 3819 3437.5 498 24397.5 57284 258 48 93 2532.5 270.5
leaf_count=18 8572 245 212 49 2495 2421 255 15798 39077 94 16 33 1586 146
internal_value=0.000444669 0.000783841 -0.00156755 0.00124839 1.74113e-05 -0.00118628 -0.00230461 0.000544198 0.00127572 -0.00472143 -0.00173707 -0.00368873 -0.00333345 -0.00998762
internal_weight=108832 93135.5 15697 57985.5 35150 10698.5 7261 24451.5 57878 594 6763 2944 2896 363.5
internal_count=71017 62233 8784 39465 22768 6952 4531 15816 39416 339 4276 1781 1765 179
is_linear=0
shrinkage=0.03


Tree=25
num_leaves=15
num_cat=0
split_feature=6 0 9 111 91 5 123 5 24 149 13 4 125 9
split_gain=83.5168 39.7898 28.3335 24.6731 21.2653 24.8802 23.8209 33.3191 19.9644 22.0459 19.5447 28.9276 31.5355 30.8506
threshold=8.1700000000000017 703.05000000000007 2.1167806000000007 1.5750000000000004 16.065000000000001 6.8150000000000004 -2.0349999999999997 10.110000000000001 7.0641453000000023e-05 8.2232389588252683 15.288045232283062 5.0450000000000008 -15.299999999999999 3.2916125500000004
decision_type=2 2 2 2 2 2 2 2 2 2 2 2 2 2
left_child=2 4 -1 -4 5 -2 -7 -8 -3 -10 11 13 -13 -5
right_child=1 8 3 10 -6 6 7 -9 9 -11 -12 12 -14 -15
leaf_value=0.0057106448805851143 -0.0075925013182391241 -0.19639125779082767 -0.03861754315448164 -0.0032598033307550869 -0.016119703585125336 0.0032285249965402062 -0.0097066910760388644 -0.033263694060147127 -0.015383598421765584 -0.33112534013073641 0.0031906123936987474 -0.01542090650122988 0.0036558127549320054 -0.021840832517494177
leaf_weight=35716.5 6413.5 76 63 8399 4807 10094 641.5 107 386 400 29025 973.5 10820 741.5
leaf_count=24545 3691 38 21 5472 2449 6165 388 74 221 181 19096 564 7420 481
internal_value=0.000425511 -0.00118285 0.000855595 0.000394686 -0.000935634 -0.000443843 0.000432046 -0.00473083 -0.00750609 -0.00607938 0.000418422 -0.000280165 0.00070144 -0.001547
internal_weight=108664 22925 85738.5 50022 22063 17256 10842.5 748.5 862 786 49959 20934 11793.5 9140.5
internal_count=70806 13207 57599 33054 12767 10318 6627 462 440 402 33033 13937 7984 5953
is_linear=0
shrinkage=0.03


Tree=26
num_leaves=15
num_cat=0
split_feature=8 98 43 8 147 109 105 2 61 24 103 53 105 63
split_gain=78.3517 36.7702 26.6451 26.4462 30.4357 24.0543 23.6122 23.0043 25.1497 41.7324 24.2171 21.6718 20.3036 31.9764
threshold=3.5676360000000007 6.3756211500000015 0.4621321304731329 3.6508017000000006 -4.8790805297326418 33.460000000000008 52.950000000000024 201755.50000000003 9.9850000000000012 4.693704700000001e-06 34.297042341520758 3.7125476000000002 46.900000000000013 4.8250000000000011
decision_type=2 2 2 2 2 2 2 2 2 2 2 2 2 2
left_child=2 3 -1 4 11 -4 -6 12 -9 10 -10 -2 -5 -14
right_child=1 -3 5 7 6 -7 -8 8 9 -11 -12 -13 13 -15
leaf_value=0.00056501999964983258 -0.046414666818389703 -0.19980037018726596 0.0051097804344874282 0.00061551221035104932 -0.017125883457942189 -0.020685184680715125 0.00012911022212043022 0.0012605030967028535 -0.030558122168110817 -0.0093459753632220335 -0.15357945045336038 0.0066881999784827763 -0.0013132248667283122 -0.026971206351659456
leaf_weight=29383.5 154 1286.5 54593 1745 625 118 937 15676 106.5 837.5 145 49.5 1343 1627.5
leaf_count=19554 58 578 36807 1042 333 62 653 9676 48 423 58 33 748 818
internal_value=0.000477119 -0.00101455 0.000912312 -0.000741156 -0.00427079 0.00130367 -0.00284617 -0.000450895 6.96091e-05 -0.00433844 -0.0150537 -0.0151842 -0.00230204 -0.00381085
internal_weight=108627 24532.5 84094.5 23246 1765.5 54711 1562 21480.5 16765 1089 251.5 203.5 4715.5 2970.5
internal_count=70891 14468 56423 13890 1077 36869 986 12813 10205 529 106 91 2608 1566
is_linear=0
shrinkage=0.03


Tree=27
num_leaves=15
num_cat=0
split_feature=6 102 49 146 120 148 6 72 123 149 22 32 49 114
split_gain=70.3896 41.8652 26.4982 24.2654 22.4712 23.8174 28.1091 21.1791 25.1163 27.2386 21.6531 20.7612 19.8393 34.6978
threshold=6.7150000000000007 35.664402378329306 6.8550000000000013 504.96388580000007 -50.299999999999976 -12.975693518465894 16.735000000000003 0.10668173311700606 -4.9049999999999994 -1.4890556094286278 4.0558851000000002 0.95639316868231272 3.8150000000000004 1.6992516300000002
decision_type=2 2 2 2 2 2 2 2 2 2 2 2 2 2
left_child=12 2 4 11 5 6 -2 8 -7 -10 -9 -3 13 -1
right_child=1 3 -4 -5 -6 7 -8 10 9 -11 -12 -13 -14 -15
leaf_value=0.0046624765117234245 0.0044285706498245654 -0.022574270057614611 0.0014004049628807236 -0.28677172431673154 0.00055779742026462178 -0.0018567516334796685 -0.13300861549996518 -0.0035671854185088257 -0.041520848339231864 -0.013106409329555214 -0.2122745797316008 -0.24184581887797321 0.0049213094725841849 -0.0036176042798699839
leaf_weight=14898.5 68 2248 17857 524 5793.5 661.5 108 8886.5 107 736 54 216 45033 11962
leaf_count=10369 34 1034 10923 233 3724 377 46 5626 45 370 18 101 30491 7797
internal_value=0.000396792 -0.0006614 -0.000364368 -0.00406713 -0.00123448 -0.00205431 -0.0129983 -0.00186949 -0.00516317 -0.00859684 -0.00131484 -0.00281847 0.000945251 0.000299826
internal_weight=109153 37259.5 34271.5 2988 16414.5 10621 176 10445 1504.5 843 8940.5 2464 71893.5 26860.5
internal_count=71188 22531 21163 1368 10240 6516 80 6436 792 415 5644 1135 48657 18166
is_linear=0
shrinkage=0.03


Tree=28
num_leaves=15
num_cat=0
split_feature=102 19 127 13 47 24 6 4 67 13 72 47 72 12
split_gain=75.3296 34.7384 33.2553 25.4458 36.1338 30.6662 30.6101 27.3904 25.3287 26.1511 25.1996 27.7049 24.5628 28.0204
threshold=10.168063070901121 -5.8549999999999995 -18.074751749999994 15.198066223009521 375105.50000000006 1.0000000180025095e-35 4.205000000000001 6.0450000000000008 0.18954174000000004 14.590992562738494 0.00038224743674085008 444974.50000000006 20.106010385733452 43.350856999533129
decision_type=2 2 2 2 2 2 2 2 2 2 2 2 2 2
left_child=1 3 12 4 -1 7 -7 -6 -8 -10 11 -3 13 -2
right_child=2 10 -4 -5 5 6 8 -9 9 -11 -12 -13 -14 -15
leaf_value=0.0022346063213438266 4.2465816683228132e-05 0.00040902540773157553 -0.0034554960773136435 0.0036411525847649248 -0.028247070715740473 0.0061280562408799347 -0.039060567638501298 -0.00034160072053428058 -0.0049066027742731798 -0.015172021218070883 0.0047322854283786322 -0.031635545336236769 0.0033264349846073831 -0.21831249328332847
leaf_weight=8074.5 260.5 363.5 21430 12756 611.5 1745 248.5 307.5 4203.5 277 56857.5 240 418 736
leaf_count=5291 130 252 12770 8243 312 1192 109 238 2736 156 38734 92 212 335
internal_value=0.000441393 0.000849517 -0.00108925 -1.22767e-05 -0.000830413 -0.00234584 -0.00161721 -0.0074747 -0.00287052 -0.00235247 0.00127286 -0.00482356 -0.00554468 -0.00810506
internal_weight=108529 85684.5 22844.5 28223.5 15467.5 7393 6474 919 4729 4480.5 57461 603.5 1414.5 996.5
internal_count=70802 57355 13447 18277 10034 4743 4193 550 3001 2892 39078 344 677 465
is_linear=0
shrinkage=0.03


Tree=29
num_leaves=15
num_cat=0
split_feature=6 98 49 62 32 107 52 106 133 106 26 114 113 17
split_gain=58.2077 29.2363 24.1936 22.2816 21.5061 23.6432 19.6071 19.0984 21.6556 18.3824 24.4778 28.3758 32.8191 22.9647
threshold=6.7150000000000007 6.3756211500000015 6.8550000000000013 124269.00000000001 0.98312094959115137 1536336.5000000002 1.3257024500000003 6.160000000000001 -1.2611666739387333 6.7750000000000012 0.0020281778500000004 1.9656910250000004 2.4941720500000004 13243.500000000002
decision_type=2 2 2 2 2 2 2 2 2 2 2 2 2 2
left_child=-1 2 7 4 5 -3 -4 8 -2 -9 -11 -12 -13 -14
right_child=1 3 6 -5 -6 -7 -8 9 -10 10 11 12 13 -15
leaf_value=0.0034132716850721273 0.0055118304470220449 -0.040385742470956415 -0.012022376795946685 -0.20335282182213929 -0.60969405092870133 -0.42762391636156361 0.0014893612559641058 -0.018840766551551435 -0.0064625949762436774 -0.00046687722178763685 0.0048581996516994779 -0.012588373442037712 -0.00083551656893361876 -0.015012323179509691
leaf_weight=71159.5 3090.5 948 53 81 74 136 19246.5 1118 1033 6111 887.5 233.5 1456.5 2768.5
leaf_count=48199 2166 425 21 29 32 68 11611 648 624 3870 564 97 873 1487
internal_value=0.0004319 -0.000529069 -0.000373019 -0.00506012 -0.00399188 -0.00291947 0.000350292 -0.00120917 0.000562009 -0.0017902 -0.00143151 -0.00291409 -0.00388945 -0.00328324
internal_weight=108396 37237 35998 1239 1158 1084 19299.5 16698.5 4123.5 12575 11457 5346 4458.5 4225
internal_count=70714 22515 21961 554 525 493 11632 10329 2790 7539 6891 3021 2457 2360
is_linear=0
shrinkage=0.03


Tree=30
num_leaves=15
num_cat=0
split_feature=44 126 62 70 49 107 18 114 126 42 27 0 69 122
split_gain=62.4733 53.3378 31.8493 37.9689 30.2299 25.6846 28.7097 23.9869 39.8203 40.1939 31.6422 26.8396 25.5491 21.9684
threshold=0.90933039110760705 -10.679999999999998 119299.00000000001 0.0059892244000000006 3.4750000000000005 745290.50000000012 16.840000000000003 1.7037866217500002 -3.3749999999999996 0.084015421080180439 8.7346186044489453 528.85000000000002 0.057211193500000007 -20239.499999999996
decision_type=2 2 2 2 2 2 2 2 2 2 2 2 2 2
left_child=1 2 5 -4 7 6 13 -3 10 -10 -9 12 -12 -1
right_child=-2 4 3 -5 -6 -7 -8 8 9 -11 11 -13 -14 -15
leaf_value=-0.0049126679640444171 0.0047589158216520787 0.0013352875951613099 -0.15554674073981228 -0.0099901224108845891 0.0018707051552840236 -0.11826296044151885 -0.26257843364364919 -0.0023079784974662496 -0.016603875971740054 -0.037123543554718134 -0.020502145541090117 0.0070992358378358274 -0.017136883201618398 -0.13293133219528977
leaf_weight=6631 49375 5971 252.5 377.5 36166 1008 119 7425.5 423.5 170 244 196 293.5 36
leaf_count=3635 32915 4069 114 168 23868 474 52 4862 237 63 115 134 145 12
internal_value=0.000410094 -0.00024609 -0.00245724 -0.0089462 0.000119877 -0.00193223 -0.00126789 -0.00102601 -0.0020262 -0.00952914 -0.00147994 -0.00742435 -0.0108901 -0.00100658
internal_weight=108688 59313.5 8424 630 50889.5 7794 6786 14723.5 8752.5 593.5 8159 733.5 537.5 6667
internal_count=70863 37948 4455 282 33493 4173 3699 9625 5556 300 5256 394 260 3647
is_linear=0
shrinkage=0.03


Tree=31
num_leaves=15
num_cat=0
split_feature=44 126 47 128 122 96 3 25 25 109 14 49 114 126
split_gain=63.5919 70.9719 34.9351 36.5559 36.0869 30.3813 30.8928 25.9696 34.2716 25.4956 25.3913 24.5958 22.3502 35.0275
threshold=0.90933039110760705 -10.679999999999998 190558.50000000003 -4.7391616999999995 -20239.499999999996 13.240000000000002 20.770000000000003 0.00036233946000000005 6.6571685000000011e-05 20.330000000000002 57.005446822999623 3.4750000000000005 1.7037866217500002 -3.3749999999999996
decision_type=2 2 2 2 2 2 2 2 2 2 2 2 2 2
left_child=1 2 4 5 -1 7 -7 8 -4 -9 -10 12 -3 -14
right_child=-2 11 3 -5 -6 6 -8 9 10 -11 -12 -13 13 -15
leaf_value=0.0036761545611563528 0.0047238936821683425 0.0014962707589110749 -0.0025632149233170403 -0.04265112310880894 -0.10921666883054369 -0.42528261218712343 -0.19582090651355541 0.0031168579506088028 -0.014803247839603531 -0.018345532105241806 -0.13260085862715981 0.0018436106444116608 -0.0039559190501442104 -0.029507730597647431
leaf_weight=2015.5 49337.5 6063.5 496 364 42 173 606.5 2190.5 184 2252 239 36047 8216.5 528
leaf_count=1195 32917 4138 238 149 14 69 264 1337 107 1032 110 23815 5284 261
internal_value=0.000403678 -0.000257322 -0.00278414 -0.00386189 0.000621841 -0.00331358 -0.00884877 -0.00250811 -0.00709934 -0.00155753 -0.0133727 0.000168066 -0.000861218 -0.00183182
internal_weight=108755 59417.5 8562.5 6505 2057.5 6141 779.5 5361.5 919 4442.5 423 50855 14808 8744.5
internal_count=70930 38013 4515 3306 1209 3157 333 2824 455 2369 217 33498 9683 5545
is_linear=0
shrinkage=0.03


Tree=32
num_leaves=15
num_cat=0
split_feature=64 125 96 47 43 132 43 14 82 49 29 47 63 63
split_gain=49.3148 35.6318 29.1465 25.3923 23.943 28.4737 22.9769 24.265 28.6104 22.9347 23.6153 22.1101 19.3314 38.8693
threshold=-5.5749999999999993 -7.3299999999999992 13.855000000000002 195975.50000000003 0.30602240019745902 -8.4344148130304557 0.98556920283878036 9.6561910036828476 0.71638604489103852 3.4750000000000005 48.27928363361481 29462.500000000004 4.4650000000000007 4.5950000000000006
decision_type=2 2 2 2 2 2 2 2 2 2 2 2 2 2
left_child=1 2 6 -4 5 -2 12 8 -8 10 -7 -11 -1 -14
right_child=4 -3 3 -5 -6 9 7 -9 -10 11 -12 -13 13 -15
leaf_value=2.4281061645734172e-05 -0.095309639632900608 0.0065369007301131626 0.002684650262848436 -0.30950447352740501 0.0047125076259465154 -0.0027650619148522409 0.0019875900467355564 0.0031447246173912659 -0.029168756189199591 -0.010473624119187466 -0.017148918152775968 0.0030946736162694795 -0.034762108235851616 -0.0050544205911570387
leaf_weight=9271 344 5279.5 334.5 624 41551.5 6187 250.5 13534 234.5 267.5 93.5 15162 852 14842.5
leaf_count=6027 171 3670 151 274 28224 4004 174 8502 113 140 62 9955 455 9079
internal_value=0.000409279 -0.000348045 -0.000654255 -0.00582255 0.000947771 0.00014868 -0.000527092 0.000444679 -0.00614719 0.000284522 -0.00124359 0.000906731 -0.0010729 -0.00171451
internal_weight=108828 45222.5 39943 958.5 63605.5 22054 38984.5 14019 485 21710 6280.5 15429.5 24965.5 15694.5
internal_count=71001 28445 24775 425 42556 14332 24350 8789 287 14161 4066 10095 15561 9534
is_linear=0
shrinkage=0.03


Tree=33
num_leaves=15
num_cat=0
split_feature=20 102 32 107 74 21 1 122 5 72 19 108 25 25
split_gain=51.2435 26.5563 21.4453 20.2207 17.3732 17.2883 21.9029 19.0604 17.0292 15.9297 22.1467 30.5824 25.5459 37.8171
threshold=-6.6949999999999994 35.664402378329306 0.98189849779609373 1666377.5000000002 20.810396018849577 1.7550000000000001 10.455000000000002 -23738.999999999996 5.8750000000000009 1.6945000836538313 -5.8549999999999995 3.3900000000000006 0.015996959500000001 0.0095347725000000019
decision_type=2 2 2 2 2 2 2 2 2 2 2 2 2 2
left_child=1 4 3 -3 -1 7 -7 -6 -9 10 11 12 13 -2
right_child=9 2 -4 -5 5 6 -8 8 -10 -11 -12 -13 -14 -15
leaf_value=-0.0027734975919675069 -0.005777264682268129 -0.02458834790370798 -0.3630861794872472 -0.41039180096138422 0.0020422583195624741 -0.13148266670094957 -0.02621432381088272 0.0094676002139193298 -0.12311515991393998 0.005709799308259972 0.003261042597855424 0.0042493397766690229 0.00053471553417641746 -0.032905696283166502
leaf_weight=16895.5 3548 2654 175.5 140 16983.5 89 214 47 69 24951 34715 4770.5 2909.5 636.5
leaf_count=10241 2289 1201 79 70 10760 37 119 33 33 16837 23894 3189 1885 314
internal_value=0.000411597 -0.000490359 -0.00321205 -0.00257149 -0.00025462 0.000410542 -0.00669086 0.000536592 -0.0115762 0.00088156 0.000553794 -0.000565 -0.00181418 -0.00331537
internal_weight=108798 37267.5 2969.5 2794 34298 17402.5 303 17099.5 116 71530.5 46579.5 11864.5 7094 4184.5
internal_count=70981 22573 1350 1271 21223 10982 156 10826 66 48408 31571 7677 4488 2603
is_linear=0
shrinkage=0.03


Tree=34
num_leaves=15
num_cat=0
split_feature=19 6 111 120 43 61 24 24 2 115 21 113 122 61
split_gain=47.6774 26.0847 25.0354 21.1389 22.7122 22.4437 20.8246 20.8242 24.3051 35.9841 38.6231 38.5899 30.0202 25.016
threshold=-7.5349999999999993 41.565000000000005 1.1850000000000003 -46.299999999999976 0.97275972032580904 10.065000000000003 4.693704700000001e-06 2.9642056000000002e-05 474181.00000000006 8737.4293225000019 2.0650000000000004 1.9616626000000001 -351855.49999999994 1.0050000000000001
decision_type=2 2 2 2 2 2 2 2 2 2 2 2 2 2
left_child=1 2 -1 4 5 -4 -7 -2 9 -9 11 12 13 -11
right_child=7 -3 3 -5 -6 6 -8 8 -10 10 -12 -13 -14 -15
leaf_value=-0.042108682030566155 0.0048607418685399587 -0.32913363652477928 -0.0064161982531886035 0.0023197389500617745 0.0016433711478824871 -0.12647579565980024 -0.013462064488008123 0.0025346086137403565 0.0049307081665723044 -0.0060713868946126893 -0.21357090420563077 -0.002207159328899728 -0.0030762102997040708 -0.038841567346520472
leaf_weight=51 30757 266 11731.5 7429.5 5854 212 385.5 20605 14285 106 142 16085.5 314.5 308
leaf_count=17 20825 123 6827 4577 3641 87 198 14058 9679 43 75 10357 206 130
internal_value=0.000399737 -0.000722475 -0.000625458 -0.000583482 -0.00113446 -0.0018651 -0.00753765 0.000752042 0.000385082 -1.54146e-05 -0.00103909 -0.000907274 -0.00766058 -0.0129679
internal_weight=108532 25929.5 25663.5 25612.5 18183 12329 597.5 82603 51846 37561 16956 16814 728.5 414
internal_count=70843 15470 15347 15330 10753 7112 285 55373 34548 24869 10811 10736 379 173
is_linear=0
shrinkage=0.03


end of trees

feature_importances:
by_gsm_min_8h_chunk0=27
proton_temperature_max_8h_chunk1=18
ring_current_proxy_tau3h_now=18
by_gsm_max_8h_chunk1=15
bt_shock1h_min_16h=15
bs_max_8h_chunk0=14
ring_current_proxy_tau8h_relax_8h_chunk0=12
bt_min_8h_chunk1=12
by_gsm_min_8h_chunk1=12
ring_current_proxy_tau8h_now=11
proton_temperature_shock1h_max_16h=11
kan_lee_mvm_shock1h_max_16h=11
kan_lee_mvm_max_8h_chunk0=10
ring_current_proxy_tau3h_max_8h_chunk0=10
dynamic_pressure_npa_min_8h_chunk1=10
ring_current_proxy_tau3h_min_8h_chunk1=10
bt_min_8h_chunk0=9
proton_temperature_shock1h_min_16h=9
akasofu_epsilon_gw_max_8h_chunk0=8
proton_speed_min_8h_chunk0=8
proton_density_min_8h_chunk0=7
dynamic_pressure_npa_max_8h_chunk1=6
bs_shock1h_max_16h=6
bs_shock1h_min_16h=6
ring_current_proxy_obrien_shock1h_min_16h=6
by_gsm_max_8h_chunk0=5
bz_gsm_max_8h_chunk0=5
ey_southward_mvm_max_8h_chunk0=5
kan_lee_mvm_min_8h_chunk0=5
proton_speed_min_8h_chunk1=5
proton_temperature_min_8h_chunk1=5
kan_lee_mvm_min_8h_chunk1=5
bt_now=5
by_gsm_now=5
proton_density_shock1h_max_16h=5
bz_gsm_shock1h_min_16h=5
proton_temperature_max_8h_chunk0=4
ring_current_proxy_tau8h_max_8h_chunk0=4
bz_gsm_min_8h_chunk0=4
newell_coupling_min_8h_chunk0=4
proton_temperature_relax_8h_chunk0=4
ring_current_proxy_obrien_relax_8h_chunk0=4
proton_speed_max_8h_chunk1=4
newell_coupling_max_8h_chunk1=4
ring_current_proxy_tau3h_max_8h_chunk1=4
proton_density_min_8h_chunk1=4
ring_current_proxy_obrien_min_8h_chunk1=4
ey_southward_mvm_now=4
ey_southward_mvm_shock1h_max_16h=4
proton_density_shock1h_min_16h=4
proton_speed_max_8h_chunk0=3
proton_density_max_8h_chunk0=3
ring_current_proxy_obrien_max_8h_chunk0=3
ring_current_proxy_obrien_min_8h_chunk0=3
ring_current_proxy_tau3h_relax_8h_chunk0=3
ring_current_proxy_obrien_max_8h_chunk1=3
ring_current_proxy_tau8h_min_8h_chunk1=3
proton_density_now=3
by_gsm_shock1h_max_16h=3
proton_speed_shock1h_min_16h=3
forecast_horizon_h=3
bt_max_8h_chunk0=2
proton_temperature_min_8h_chunk0=2
bs_min_8h_chunk0=2
dynamic_pressure_npa_min_8h_chunk0=2
akasofu_epsilon_gw_min_8h_chunk0=2
ring_current_proxy_tau3h_min_8h_chunk0=2
bt_relax_8h_chunk0=2
proton_density_max_8h_chunk1=2
newell_coupling_min_8h_chunk1=2
proton_temperature_now=2
bs_now=2
proton_speed_shock1h_max_16h=2
dynamic_pressure_npa_shock1h_max_16h=2
akasofu_epsilon_gw_shock1h_max_16h=2
by_gsm_shock1h_min_16h=2
dynamic_pressure_npa_shock1h_min_16h=2
ey_southward_mvm_shock1h_min_16h=2
ring_current_proxy_tau8h_shock1h_min_16h=2
ring_current_proxy_obrien_trend_2h=2
dynamic_pressure_npa_max_8h_chunk0=1
newell_coupling_max_8h_chunk0=1
proton_density_relax_8h_chunk0=1
dynamic_pressure_npa_relax_8h_chunk0=1
bt_max_8h_chunk1=1
ey_southward_mvm_max_8h_chunk1=1
kan_lee_mvm_max_8h_chunk1=1
akasofu_epsilon_gw_max_8h_chunk1=1
ring_current_proxy_tau8h_max_8h_chunk1=1
proton_temperature_relax_8h_chunk1=1
dynamic_pressure_npa_relax_8h_chunk1=1
dynamic_pressure_npa_now=1
akasofu_epsilon_gw_now=1
ring_current_proxy_obrien_now=1
bt_shock1h_max_16h=1
bz_gsm_shock1h_max_16h=1
newell_coupling_shock1h_max_16h=1
ring_current_proxy_tau3h_shock1h_max_16h=1
ring_current_proxy_tau8h_shock1h_max_16h=1
ring_current_proxy_obrien_shock1h_max_16h=1
newell_coupling_shock1h_min_16h=1
ring_current_proxy_tau3h_shock1h_min_16h=1
proton_temperature_trend_2h=1
kan_lee_mvm_trend_2h=1
akasofu_epsilon_gw_trend_2h=1
ring_current_proxy_tau3h_trend_2h=1
ring_current_proxy_tau8h_trend_2h=1

parameters:
[boosting: gbdt]
[objective: quantile]
[metric: rmse]
[tree_learner: serial]
[device_type: cpu]
[data_sample_strategy: bagging]
[data: ]
[valid: ]
[num_iterations: 2000]
[learning_rate: 0.03]
[num_leaves: 15]
[num_threads: 0]
[seed: 42]
[deterministic: 0]
[force_col_wise: 0]
[force_row_wise: 0]
[histogram_pool_size: -1]
[max_depth: -1]
[min_data_in_leaf: 20]
[min_sum_hessian_in_leaf: 0.001]
[bagging_fraction: 0.7]
[pos_bagging_fraction: 1]
[neg_bagging_fraction: 1]
[bagging_freq: 1]
[bagging_seed: 400]
[bagging_by_query: 0]
[feature_fraction: 0.7]
[feature_fraction_bynode: 1]
[feature_fraction_seed: 30056]
[extra_trees: 0]
[extra_seed: 12879]
[early_stopping_round: 0]
[early_stopping_min_delta: 0]
[first_metric_only: 0]
[max_delta_step: 0]
[lambda_l1: 0.1]
[lambda_l2: 0.1]
[linear_lambda: 0]
[min_gain_to_split: 0]
[drop_rate: 0.1]
[max_drop: 50]
[skip_drop: 0.5]
[xgboost_dart_mode: 0]
[uniform_drop: 0]
[drop_seed: 17869]
[top_rate: 0.2]
[other_rate: 0.1]
[min_data_per_group: 100]
[max_cat_threshold: 32]
[cat_l2: 10]
[cat_smooth: 10]
[max_cat_to_onehot: 4]
[top_k: 20]
[monotone_constraints: ]
[monotone_constraints_method: basic]
[monotone_penalty: 0]
[feature_contri: ]
[forcedsplits_filename: ]
[refit_decay_rate: 0.9]
[cegb_tradeoff: 1]
[cegb_penalty_split: 0]
[cegb_penalty_feature_lazy: ]
[cegb_penalty_feature_coupled: ]
[path_smooth: 0]
[interaction_constraints: ]
[verbosity: -1]
[saved_feature_importance_type: 0]
[use_quantized_grad: 0]
[num_grad_quant_bins: 4]
[quant_train_renew_leaf: 0]
[stochastic_rounding: 1]
[linear_tree: 0]
[max_bin: 255]
[max_bin_by_feature: ]
[min_data_in_bin: 3]
[bin_construct_sample_cnt: 200000]
[data_random_seed: 175]
[is_enable_sparse: 1]
[enable_bundle: 1]
[use_missing: 1]
[zero_as_missing: 0]
[feature_pre_filter: 1]
[pre_partition: 0]
[two_round: 0]
[header: 0]
[label_column: ]
[weight_column: ]
[group_column: ]
[ignore_column: ]
[categorical_feature: ]
[forcedbins_filename: ]
[precise_float_parser: 0]
[parser_config_file: ]
[objective_seed: 16083]
[num_class: 1]
[is_unbalance: 0]
[scale_pos_weight: 1]
[sigmoid: 1]
[boost_from_average: 1]
[reg_sqrt: 0]
[alpha: 0.1]
[fair_c: 1]
[poisson_max_delta_step: 0.7]
[tweedie_variance_power: 1.5]
[lambdarank_truncation_level: 30]
[lambdarank_norm: 1]
[label_gain: ]
[lambdarank_position_bias_regularization: 0]
[eval_at: ]
[multi_error_top_k: 1]
[auc_mu_weights: ]
[num_machines: 1]
[local_listen_port: 12400]
[time_out: 120]
[machine_list_filename: ]
[machines: ]
[gpu_platform_id: -1]
[gpu_device_id: -1]
[gpu_use_dp: 0]
[num_gpu: 1]

end of parameters

pandas_categorical:null
